20	50	100	
0	27	14	
1	50	14	
2	10	8	
3	57	87	
4	75	58	
5	56	83	
6	1	14	
7	92	23	
8	25	89	
9	86	67	
10	31	27
11	1	5
12	72	1
13	84	99
14	77	77
15	33	36
16	24	87
17	28	83
18	25	57
19	96	54
20	80	26	10
21	79	72	10
22	20	91	10
23	14	81	10
24	38	87	10
25	64	65	10
26	97	87	10
27	54	12	10
28	57	69	10
29	52	35	10
30	93	43	10
31	44	60	10
32	21	91	10
33	59	82	10
34	73	77	10
35	0	12	10
36	6	62	10
37	42	16	10
38	22	34	10
39	47	1	10
40	4	7	10
41	89	62	10
42	34	22	10
43	90	22	10
44	89	35	10
45	60	41	10
46	93	56	10
47	75	65	10
48	63	11	10
49	85	75	10
50	88	30	10
51	51	66	10
52	26	65	10
53	15	83	10
54	8	20	10
55	31	2	10
56	77	85	10
57	26	55	10
58	78	95	10
59	47	71	10
60	98	51	10
61	43	52	10
62	30	14	10
63	68	33	10
64	19	92	10
65	77	42	10
66	43	57	10
67	44	72	10
68	51	52	10
69	34	61	10
