LIMIT : 1236

HOTEL_SECTION
1 40 50
2 45 68
3 35 69
4 30 52
5 10 35
6 35 32
CUSTOMER_SECTION
7 45 68 90
8 45 70 90
9 42 66 90
10 42 68 90
11 42 65 90
12 40 69 90
13 40 66 90
14 38 68 90
15 38 70 90
16 35 66 90
17 35 69 90
18 25 85 90
19 22 75 90
20 22 85 90
21 20 80 90
22 20 85 90
23 18 75 90
24 15 75 90
25 15 80 90
26 30 50 90
27 30 52 90
28 28 52 90
29 28 55 90
30 25 50 90
31 25 52 90
32 25 55 90
33 23 52 90
34 23 55 90
35 20 50 90
36 20 55 90
37 10 35 90
38 10 40 90
39 8 40 90
40 8 45 90
41 5 35 90
42 5 45 90
43 2 40 90
44 0 40 90
45 0 45 90
46 35 30 90
47 35 32 90
48 33 32 90
49 33 35 90
50 32 30 90
51 30 30 90
52 30 32 90
53 30 35 90
54 28 30 90
55 28 35 90
56 26 32 90
57 25 30 90
58 25 35 90
59 44 5 90
60 42 10 90
61 42 15 90
62 40 5 90
63 40 15 90
64 38 5 90
65 38 15 90
66 35 5 90
67 50 30 90
68 50 35 90
69 50 40 90
70 48 30 90
71 48 40 90
72 47 35 90
73 47 40 90
74 45 30 90
75 45 35 90
76 95 30 90
77 95 35 90
78 53 30 90
79 92 30 90
80 53 35 90
81 45 65 90
82 90 35 90
83 88 30 90
84 88 35 90
85 87 30 90
86 85 25 90
87 85 35 90
88 75 55 90
89 72 55 90
90 70 58 90
91 68 60 90
92 66 55 90
93 65 55 90
94 65 60 90
95 63 58 90
96 60 55 90
97 60 60 90
98 67 85 90
99 65 85 90
100 65 82 90
101 62 80 90
102 60 80 90
103 60 85 90
104 58 75 90
105 55 80 90
106 55 85 90
EOF
