20	50	100	
0	58	55	
1	71	59	
2	50	34	
3	14	19	
4	60	20	
5	46	5	
6	52	67	
7	19	55	
8	35	94	
9	87	54	
10	99	55
11	41	37
12	60	8
13	93	31
14	50	80
15	48	93
16	51	43
17	79	37
18	62	19
19	88	53
20	3	96	10
21	20	78	10
22	46	50	10
23	16	62	10
24	17	71	10
25	14	35	10
26	61	73	10
27	36	22	10
28	52	49	10
29	19	72	10
30	62	59	10
31	62	22	10
32	2	91	10
33	20	46	10
34	95	97	10
35	63	47	10
36	71	23	10
37	8	98	10
38	75	97	10
39	72	62	10
40	43	56	10
41	2	52	10
42	6	46	10
43	4	82	10
44	35	22	10
45	39	95	10
46	5	48	10
47	4	12	10
48	46	79	10
49	89	87	10
50	38	53	10
51	1	56	10
52	65	48	10
53	73	7	10
54	78	69	10
55	3	46	10
56	32	12	10
57	99	63	10
58	54	35	10
59	59	28	10
60	18	27	10
61	1	59	10
62	43	1	10
63	53	16	10
64	19	79	10
65	15	82	10
66	53	32	10
67	91	17	10
68	25	33	10
69	45	56	10
