20	50	100	
0	74	70	
1	43	2	
2	63	75	
3	2	65	
4	4	74	
5	76	22	
6	67	82	
7	96	14	
8	5	37	
9	50	39	
10	37	48
11	84	46
12	54	21
13	29	41
14	14	35
15	16	52
16	14	80
17	2	19
18	64	76
19	68	91
20	49	23	10
21	27	88	10
22	20	98	10
23	95	12	10
24	54	5	10
25	15	69	10
26	8	11	10
27	89	76	10
28	13	18	10
29	35	27	10
30	81	89	10
31	83	45	10
32	64	59	10
33	34	50	10
34	14	39	10
35	48	78	10
36	33	47	10
37	8	24	10
38	98	15	10
39	26	62	10
40	19	18	10
41	55	62	10
42	61	84	10
43	17	7	10
44	83	86	10
45	83	49	10
46	74	61	10
47	24	48	10
48	56	1	10
49	88	72	10
50	68	64	10
51	4	40	10
52	98	68	10
53	36	51	10
54	28	48	10
55	29	59	10
56	92	49	10
57	90	21	10
58	29	26	10
59	33	78	10
60	88	72	10
61	18	93	10
62	94	34	10
63	99	12	10
64	30	76	10
65	3	52	10
66	41	17	10
67	85	16	10
68	97	9	10
69	67	84	10
