20	50	100	
0	55	53	
1	99	64	
2	34	85	
3	83	50	
4	79	16	
5	59	1	
6	12	44	
7	40	11	
8	90	61	
9	49	59	
10	56	63
11	95	83
12	65	62
13	19	51
14	70	89
15	22	23
16	92	31
17	65	60
18	87	62
19	59	47
20	83	36	10
21	2	100	10
22	52	26	10
23	51	74	10
24	62	4	10
25	11	77	10
26	32	44	10
27	61	27	10
28	19	17	10
29	50	47	10
30	29	57	10
31	21	11	10
32	3	67	10
33	47	21	10
34	79	38	10
35	32	64	10
36	90	64	10
37	15	71	10
38	18	71	10
39	71	74	10
40	29	22	10
41	72	27	10
42	17	55	10
43	17	52	10
44	10	95	10
45	25	61	10
46	54	35	10
47	56	14	10
48	25	12	10
49	61	80	10
50	29	87	10
51	32	52	10
52	98	14	10
53	80	83	10
54	34	53	10
55	94	32	10
56	67	81	10
57	22	79	10
58	81	20	10
59	40	57	10
60	64	34	10
61	92	9	10
62	25	30	10
63	50	17	10
64	51	92	10
65	60	27	10
66	60	66	10
67	76	94	10
68	42	87	10
69	40	47	10
